100 1.067086943658069 -2
102 1.067086943658069 -1
104 4.446195598575287 -2
106 1.473596255527809 -1
108 6.097639678046107 -2
110 1.016273279674351 -1
112 2.77357915911125 -2
114 1.371968927560374 -1
116 1.451818970963359 -2
118 7.005026534898207 -2
120 3.811024798778817 -2
122 3.133509278995916 -2
124 2.564880182035267 -2
126 6.242821575142443 -2
130 2.782653027679771 -2
132 5.081366398371756 -3
134 1.838970696553588 -2
136 9.663670025474858 -3
138 1.869216925115325 -2
140 4.839396569877863 -3
142 6.775155197829008 -3
144 3.221223341824953 -3
146 4.59742674138397 -3
148 1.026538666337729 -3
150 6.942334352061152 -3
152 8.46894399728626 -4
154 4.59742674138397 -3
156 1.847769599407911 -3
158 4.839396569877863 -4
162 1.385827199555933 -3
164 1.008207618724555 -4
166 1.36016373289749 -3
168 7.589053711853921 -4
170 7.699039997532964 -4
172 1.319835428148508 -4
174 5.939259426668286 -4
176 9.623799996916205 -5
178 1.539807999506593 -4
182 1.173187047243118 -4
184 7.699039997532964 -5
186 2.106660394929349 -4
188 1.184467691928148 -4
190 1.776701537892222 -4
194 8.122064173221588 -5
196 3.553403075784445 -5
198 3.553403075784445 -5
200 1.008207618724555 -6
202 1.833104761317372 -6
206 1.184467691928148 -5
208 1.406555384164676 -5
210 5.076290108263493 -5
214 2.115120878443122 -5
216 1.269072527065873 -5
218 8.460483513772488 -7
222 5.076290108263493 -6
232 4.230241756886244 -7
234 5.076290108263493 -6
236 3.384193405508995 -6
238 3.384193405508995 -6
242 1.692096702754498 -6
250 1.692096702754498 -7
262 6.345362635329366 -7
264 3.172681317664683 -7
266 4.230241756886244 -7
272 5.287802196107805 -8
292 2.488377504050732 -8
294 7.465132512152195 -8
298 1.244188752025366 -8
326 4.147295840084553 -9
328 2.073647920042276 -9
362 2.182787284255028 -10
400 3.637978807091713 -12
