100 0.01067086943658069
102 0.1067086943658069
104 0.04446195598575287
106 0.1473596255527809
108 0.06097639678046107
110 0.1016273279674351
112 0.0277357915911125
114 0.1371968927560374
116 0.01451818970963359
118 0.07005026534898207
120 0.03811024798778817
122 0.03133509278995916
124 0.02564880182035267
126 0.06242821575142443
130 0.02782653027679771
132 0.005081366398371756
134 0.01838970696553588
136 0.009663670025474858
138 0.01869216925115325
140 0.004839396569877863
142 0.006775155197829008
144 0.003221223341824953
146 0.00459742674138397
148 0.001026538666337729
150 0.006942334352061152
152 0.000846894399728626
154 0.00459742674138397
156 0.001847769599407911
158 0.0004839396569877863
162 0.001385827199555933
164 0.0001008207618724555
166 0.00136016373289749
168 0.0007589053711853921
170 0.0007699039997532964
172 0.0001319835428148508
174 0.0005939259426668286
176 9.623799996916205e-05
178 0.0001539807999506593
182 0.0001173187047243118
184 7.699039997532964e-05
186 0.0002106660394929349
188 0.0001184467691928148
190 0.0001776701537892222
194 8.122064173221588e-05
196 3.553403075784445e-05
198 3.553403075784445e-05
200 1.008207618724555e-06
202 1.833104761317372e-06
206 1.184467691928148e-05
208 1.406555384164676e-05
210 5.076290108263493e-05
214 2.115120878443122e-05
216 1.269072527065873e-05
218 8.460483513772488e-07
222 5.076290108263493e-06
232 4.230241756886244e-07
234 5.076290108263493e-06
236 3.384193405508995e-06
238 3.384193405508995e-06
242 1.692096702754498e-06
250 1.692096702754498e-07
262 6.345362635329366e-07
264 3.172681317664683e-07
266 4.230241756886244e-07
272 5.287802196107805e-08
292 2.488377504050732e-08
294 7.465132512152195e-08
298 1.244188752025366e-08
326 4.147295840084553e-09
328 2.073647920042276e-09
362 2.182787284255028e-10
400 3.637978807091713e-12
