100 11732745024
102 117327450240
104 48886437600
106 162023621760
108 67044257280
110 111740428800
112 30495825360
114 150849578880
116 15962918400
118 77021081280
120 41902660800
122 34453298880
124 28201155840
126 68640549120
130 30595593600
132 5587021440
134 20219696640
136 10625317560
138 20552257440
140 5320972800
142 7449361920
144 3541772520
146 5054924160
148 1128691200
150 7633177344
152 931170240
154 5054924160
156 2031644160
158 532097280
162 1523733120
164 110853600
166 1495515840
168 834425280
170 846518400
172 145117440
174 653028480
176 105814800
178 169303680
182 128993280
184 84651840
186 231629760
188 130233600
190 195350400
194 89303040
196 39070080
198 39070080
200 1108536
202 2015520
206 13023360
208 15465240
210 55814400
214 23256000
216 13953600
218 930240
222 5581440
232 465120
234 5581440
236 3720960
238 3720960
242 1860480
250 186048
262 697680
264 348840
266 465120
272 58140
292 27360
294 82080
298 13680
326 4560
328 2280
362 240
400 4
